@4400
31 40 00 44 15 42 5C 01 75 F3 35 D0 08 5A 3F 40
00 00 0F 93 07 24 82 45 5C 01 2F 83 9F 4F 8A 44
00 24 F9 23 3F 40 00 00 0F 93 06 24 82 45 5C 01
1F 83 CF 43 00 24 FA 23 3F 40 4C 44 B0 12 5C 44
0F 43 32 D0 F0 00 FD 3F 30 40 88 44 48 65 6C 6C
6F 20 57 6F 72 6C 64 00 1F 43 30 41 0B 12 0B 4F
6F 4B 4F 93 06 24 1B 53 8F 11 B0 12 58 44 0F 93
F7 37 CB 93 00 00 05 20 3F 40 0A 00 B0 12 58 44
01 3C 3F 43 3B 41 30 41 00 13
@FF80
48 44 48 44 48 44 48 44 48 44 48 44 48 44 48 44
48 44 48 44 48 44 48 44 48 44 48 44 48 44 48 44
48 44 48 44 48 44 48 44 48 44 48 44 48 44 48 44
48 44 48 44 48 44 48 44 48 44 48 44 48 44 48 44
48 44 48 44 48 44 48 44 48 44 48 44 48 44 48 44
48 44 48 44 48 44 48 44 48 44 48 44 48 44 48 44
48 44 48 44 48 44 48 44 48 44 48 44 48 44 48 44
48 44 48 44 48 44 48 44 48 44 48 44 48 44 00 44
q
